11011101011000101011111011111110
11111111111100010011111011001110
11011100110111101111011111111111
11111111011011101111111010110011
11110111111001011110101110011110
01110110101110111110111111111110
11101111001101111010101101111011
00101101110101110101001111111010
11111111111111100001111010011111
11111111011111111111111110111111
11111111111111111110111110011111
11100101111111111001111011111111
10111110101101110111111110101001
11111101110111111101110111110111
01101011001010100111101001010101
01011011101101111101111111110101
10111100011111010111101101010110
10011111101010111011110111011110
11110111011011111110111111001111
11011000110011111111111111101010
