01011000011000100010010011011010
00010111101100010001110011001010
00011100110111101011010011110101
11100110010001101111010010010000
01110111011000011110100010011110
01110110101010010110101111001100
11100011001101111000101101000001
00000100010101100101001110101010
11111111111000100001010010011010
01100111011101011111000110101111
01101101101000101000010100011111
10000101010010011000111010000110
10101110101100110011011110101001
10001100110001111101010111110111
00100011001010100010101000010100
01011010000101111101011000010000
10111000011100010110001000000010
00000111000000011000110010010010
11110001010001010110111110000011
11010000000011101100110110001010
