10001101011000001011101011111110
11111111010000000011101011000110
11010000100000001110011111101110
11011011011010001101101000110011
10100111101001000010101100010010
01110100100100111100111011110110
00101100000000001010001100111011
00101001100000010101000011010010
00110100110111100000101010000101
11111011011111100001111100011010
11110111111111110110101110000101
01100100111111101001111001111011
00011000101001010110101000000000
11110101100110000101100001110101
01101010000010100111001001000101
01011011101101101101100111110101
00001100011011000001100101010100
10011001101010110011010101011100
00110110001011101000100011001101
10011000110001011111101111100010
