01000011111001001101000110111010
00100001000101011111001101111011
00011011110111001001111011000100
10000110101001100110000100001111
11001110000001010110110101001000
00011111010000010000011000001100
00110101111110110111100110100110
11010100011100101011100111000001
11001010100100001011101010011110
10100000100110110000011000000000
00100100110010110001010011011000
11000011000111101011011110000000
10100100111000011001101111011010
11010101100100111001001101111001
10001110001100101101100000011111
11100111100110010011111110000101
01010100100110110110110101111100
11011010100111100100101110100000
01100010110000000000100011001011
01010100001101111100111100110111
