11100111001010101100111010110001
10001011001101101011010000011011
01111110000110011010011010011110
11110000011100001001000000100001
01001000100011111101011001101000
10011000111101010010010111001110
01100011001111001011010100110101
00100110000101001100111011110110
11100010011001101110110111110001
00111100110010001100100111110000
00111111000010000110000011101100
01000011110000111101100000000000
00110010100000011011001010010010
00011110001100010010110101100111
11000101101011000010100010011000
00111100000010000111011011000010
10001010001010011001101000101000
10011110010010111100110101001001
01001101111111101010100111101100
10000100111111010010000100001011
