10000000110000001000000000101001
10010000100100001000010110100010
10100001111000000000010000110010
00000100000001000001101110000000
11010010100010010100000000011000
00101000000000000001000101001101
00010000001100001100010001100000
00100001000000001010100000000001
00001000001001000001001010001100
10000000110100010000010001000100
00000111010000001001001001000010
00100000000000000000101111000000
00001000011100000101001000100001
10001010011010010000000110000000
11100000000000000110000100101010
00000100110000000001010010000001
00000110101000100010000000000100
00100101000000000100001000000100
01000001000101000000000000000001
00100001011001000000000100010101
