10001111110000101010010010101011
11111001110100001101010110100011
11110001111000100110110100110010
10000111100101000111111110101000
11111011100010010101001100111111
10101110101100110001011111011101
00111111111100101101110001100110
00100101000101101111100000100101
11001110111001010001101111001101
10000010110100110100010011100100
00001111111001011111001001000110
01101100001011100100101111001000
01011010011110111101101000110001
10001110111010010010000110000011
11110000011000100110001111111110
11010100110111000001010010101001
10010110101111110110000000011100
01100101101111000111001001001100
01010011000111000100000011010011
10110111111001000000000110010101
