11010000111111001100001100101101
10010110101101101000011110111110
10101001111001001001010000111010
01111100001011011001101111000001
11010110110111011110000000011000
01111001000010001001100101101101
00010000001110001110010101101000
01101001001000001010101000001011
00101001001101100111001010001100
10000101111101010001111101001111
00000111010010001001101011100011
10100010010100001010111111100000
00001101011100000101011011100111
11011010011111010100111110000100
11101110100011011111100100101010
00000110111000011101110110010111
00101110101000101010101111000100
00111101010000001100111110010110
01100001101101001010001000001001
00100001011111111011000100010111
