00001101101010010001000110000111
11111110101110010011111101110010
11111111111111111111111111111111
00000000000000000000001011010111
00000000000000000000010010110001
00000000000000000000000000001101
00000000000000000000000000010011
00000000011100101110100101000101
11011110010100000111010010001011
11111111111001100101011001101011
00000000110001011101110111111001
00000000000000000000000010111111
11111111110110011011111100010100
00000010011111110100100010001010
00110011001000110010011100010101
11111111111111111111111111010110
11111111111111111111001110001110
11111111111111110111001000010011
00000000000000000001110010101000
00000000001110010100001001001101
