01101101010010001000110000111100
10101110010011111101110010100001
10111100000111000101010111011100
01011010111110011110000111000101
01001011000100011100110001000001
00110111000111000110000111100011
00001001100101110111110100111101
00111001011101001010001010110100
10111100101000001110100100010110
10011001010110011010110010111010
00110001011101110111111001001001
01011111100000011101000101110110
10110011011111100010100100011111
00100111111101001000100010101000
01100110010001100100111000101011
10101100111111010111011001101001
11001110001110000100001101010000
10111001000010011110010110000011
01110010101000010100110001001000
01110010100001001001101000010111
