00000000000000000000000000000011
00000000000000000000000000000110
00000000000000000000000000011111
00000000000000000000000000010101
00000000000000000000000000010100
00000000000000000000000000011010
00000000000000000000000000010111
00000000000000000000000000000111
00000000000000000000000000000001
00000000000000000000000000001010
00000000000000000000000000000110
00000000000000000000000000010111
00000000000000000000000000001001
00000000000000000000000000000100
00000000000000000000000000000001
00000000000000000000000000011001
00000000000000000000000000010010
00000000000000000000000000001111
00000000000000000000000000010010
00000000000000000000000000001001
