0000001010010111100100000100100100000000000000000000000000000101
1101110110100111100011011101111100000000000000000000000000000000
0101100011100101011111010100101100000000000000000000000000000000
0010100100001101011100110100100000000000000000000000000000000000
0000110101100010101110010010011100000000000000000000000000000010
1000000100010111011010011111000100000000000000000000000000000000
1011111101100011100111001101000100000000000000000000000000000000
0101011101001111011010001000100000000000000000000000000000000000
0011001111011000101011000010001100000000000000000000000000000000
1010000011101010010100101010110100000000000000000000000000000000
0000000000000000110010011000000100000000000000001000110101010101
0000000000000000000001011011101000000000000000001010101011010000
0000000000000000000111011011000100000000000000000100011100100010
0000000000000000000000001000010000000000000000001001010001000000
0000000000000000011110000001010000000000000000000011110001011110
0000000000000000000101000000110100000000000000000010010110000101
0000000000000000100000011100101100000000000000011001111011100110
0000000000000000010111110110001000000000000000000001000011111000
0000000000000000000001110110001000000000000100011001101010111110
0000000000000000000011010010101000000000000000101101001101101010
