00001111110010010011110001001010
11011101101001111000110111011111
01011000111001010111110101001011
00101001000011010111001101001000
00110101000010011101101010001001
10000001000101110110100111110001
10111111011000111001110011010001
01010111010011110110100010001000
00110011110110001010110000100011
10100000111010100101001010101101
10000101011111101111101110010010
01001000100110001000111001001010
00100001111101000111110101110111
00100110101101000110111000000100
00110000000111010111111101100010
00100011000110011011011010000011
11111111000110001101111101101111
00001110111100011000000000000010
10001101101010010011100001001010
10010011100100101010011111000100
