00000010101000111000100011001101
11110011000110101010011011111010
01011011101010101111000010110000
10011000011111010111010110111010
00010011110100111001000010110001
11111101101101111101101100010110
11010000010011000010011010111010
01110011010101100000010001101100
01101001010101110011111010000010
11101100100010010111001001001000
00000000000000001111000111001101
00000000000000000110110011001101
00000000000000000111101000110011
00000000000000000100001011010110
00000000000000001100110000001001
00000000000000001110111101111110
00000000000000001001110101100110
00000000000000001110000101101100
00000000000000000000100000001100
00000000000000000011010000111001
