1110100110100011010111110010011001010011011001001010110010111100
1011011101011100000010100111011101100010101111101100000001101010
0000111110100001011110111101110010100111101101000110100000010000
0000001100110010001101010001100101011001100000110010100110000000
0001110110110110001101010010001000001010100010110010111000001010
0010110011010100111101100110001100010110010101001110001010100110
0110011101111000100000010000101000010011010000000111011100100001
0010011101100101101011010001100110101111011111010110000111000000
0100110001101010000110101001011010101110100101010111100000100100
0010111100111000100011100001100011010111110011100110000111001011
0000001100110001110000111000000000110011011001000110011110100000
0101110101101110111000111011011101111000101000110001111001010100
0010001010100110100000001101001010001001100111100101010000010010
0010010110010111111001101010000000100110010110001010110100011000
0001000011100000100111101100010100111010000110011101011001011010
1010010111001111111110001101000010011001101111001100100111000100
0000000111000111110110010000000000010101110101011101111101100111
0000000101110101110000001010011100110111110100101101111000110100
0110010110111000011111111111000111111101011101000111111100111110
0001101110000111101000110110110111011111101110010010010110010100
