11111001101101000100010001110100
11111101111011000100101101000111
00101100110010011011111100100001
01010110000110111110001110111110
10010101011100110110010011011110
01011100100111011000101011100010
10001010101111011100100010001011
01100011111110000001001101111000
10110110101010000100001100111100
01101001010110100011000011001101
00001000000010110000101010011000
10000111010111000010000100111011
01101101010001110101010001101010
00100111000101000111000110010111
00011000110000010001011011000010
10110111001100110001111011001100
01000110111100111100011111010001
00001010111101011001011101110110
01101101001100101001011100000011
10011101001101101001010000100110
