11101111100001110110011110111011
10111000110110111111110101000110
01011001010101111011011000010000
00001001100000001000001101000000
00110010111001001111011111001011
01111011111010111011000100000011
10111110111010111000100010000011
01100100111000110101001101001000
01101011000110001110100110100111
01110010101111100111110011110111
01100101101011000001110010111100
10110000101101001011010110111100
01010001001011000101101100000101
11110110010000110010111010101000
10101110100010100101111101001101
11100111101101000000101101001011
00000110011011001011100110110111
00100010000110101000001010101110
11101110011110001010100001101010
00101100110101000001101101001110
