11010101001001100010101011010001
00111011100110001101011011111100
10000000000000000000000000000000
11111110111000010010011111100100
00010010111000001110101010001000
11001110001011001100010100101100
01000101111111001001000011000100
01111011011100001001100101000011
10011110100111110100110011001011
00101100101100001100010101111010
00010100101010001101010000000001
01110100101110000011110100110100
11100101110100011110100001000010
11111110010101011111011011100001
11010101100000111110110000011111
10000000000000000000000000000000
01111111111111111111111111111111
10000000000000000000000000000000
01111111111111111111111111111111
10000000000000000000000000000000
