10001100111101100010111001101011
10111111111110100010000000001000
11001001101011001010001000000011
01010100011011111101101011101010
10101101101100001001110101011000
10111111100111111011101111101000
00101101001101000001110011010011
00111110111110001000000101010101
11001001110111111111001011101100
00010101011101110100010001100111
10111000101010001110001100111110
00010111000001100001100111100011
00001100100101101110011011111010
00100010100111100000000101001001
11000101001101001000110000010010
11000110100111001111011101110000
00111010100010010100100100010001
10001100010111010000010000011101
01010101010011111001011101010010
10100101010100010110001110000010
