10110111110100000000001110011010
10000100011000010100100100001100
01111000011100101010110010001100
01010101100011101011001100000110
10011010110011111011001011010000
11110001011100101111011010111100
11100111001101111000110000001111
11000011100001111110100000010010
00101011010000001010011000100001
11101000110001100111111011101101
10100100000000000000111100111101
10100010010011011101110010101111
00100110110001001111111010111000
00100100010010000000101001101000
11101111101100001001111111110011
01010110101101000111000101100101
10001100011111000100101000110001
00101010000010000111101111001110
10101011001001011010001111011011
01010011001010101001001011011011
