11111011110001000011100011101011
11011101000100000011101011100001
11010110100010101111011110100100
10000000000000000000000000000000
11111000000010111110110001000010
11111101011100100110010010011111
01111101010000011110011101001111
00001011110100111010110011110001
01110111101011110111010100001100
11110110011111101000101000101000
00101010000111101010000100111110
00100011000110010011000000100101
10000000000000000000000000000000
10000000000000000000000000000000
00101100000110000100111000001001
11111111000110100010001010000000
11000010001100101001001111111010
11101111000111110110101111100000
01111111111111111111111111111111
10101100001101001111010000001101
