11111010110000111110001001011001
11010100110000000111111110111011
00110001011001001100001000001010
10111000011111100111011000101001
10011011100110011010110011000010
00111000001010111101100010101000
00110001111010111111100101100100
01101101110001111110100011010011
01101001010100110100011111101110
10000101111110111011001110000101
11001001111100010010101000010010
01110101010100011011011000110011
11000100111100111100000111111111
10000111001100110110111111000011
01100111101101110110011001110100
11010001010010111000001000011000
00100011101111110001100010101011
01011101100001111011000101011001
01000010010100111001111100011010
10111110111101011000001100110000
