00000001000000000101011010010010
00001000010011111011101100100110
10100101001001100011010110011010
10101111011100001111001011100000
01011100011100100011111110000000
11000101010001101000101111110111
01001011010101011110110111101011
10011110000010111100010000011110
00001110010111000010110100011110
01110000100000101101011010100011
01100000001011010111011100101100
10101101110001110111100111110010
10110000110000111111000001111010
10011100010000111110100111000011
11000100011000001110011110010101
00101101110011101010000001101000
10011110011100110111101101001111
10010001100101111011101010000111
01001111001101111111010011111011
11101101001111110111000011011101
